SM:2024-01-11T08:37:09.6941582Z
LM:2024-01-11T08:37:53.2928380Z
CT:image/jpeg
MA:2592000
CL:40636
