SM:2024-01-11T08:37:09.6791576Z
LM:2024-01-11T08:37:14.9306011Z
CT:image/jpeg
MA:2592000
CL:412650
