SM:2024-01-11T08:37:09.6671591Z
LM:2024-01-11T08:37:53.3566862Z
CT:image/jpeg
MA:2592000
CL:56859
