SM:2024-01-11T08:37:09.6791576Z
LM:2024-01-11T08:37:53.2372104Z
CT:image/jpeg
MA:2592000
CL:19609
